[gd_scene load_steps=7 format=3 uid="uid://constsltxbxjh"]

[ext_resource type="PackedScene" uid="uid://c8nrpark15tsw" path="res://villagers/models/male.glb" id="1_n7aih"]
[ext_resource type="PackedScene" uid="uid://bxxh0oo3yo878" path="res://village/planks.glb" id="2_4qa67"]
[ext_resource type="PackedScene" uid="uid://5s8f8ugnyx3a" path="res://village/apple_basket.tscn" id="3_oals7"]
[ext_resource type="PackedScene" uid="uid://wy068v4j7cut" path="res://villagers/models/axe.glb" id="4_1jvpf"]
[ext_resource type="PackedScene" uid="uid://bqk4kl2bl14we" path="res://villagers/models/hammer.glb" id="5_jlopn"]
[ext_resource type="AnimationLibrary" uid="uid://6slg8n2repre" path="res://animations/anim_lib_1.glb" id="6_n0fuj"]

[node name="male" instance=ExtResource("1_n7aih")]
transform = Transform3D(-1, 0, -1.50996e-07, 0, 1, 0, 1.50996e-07, 0, -1, 0, 0, 0)

[node name="GeneralSkeleton" parent="Armature" index="0"]
bones/0/position = Vector3(0.00745813, 0.830482, 0.00228279)
bones/0/rotation = Quaternion(0.040771, -0.00551487, 0.0147158, 0.999045)
bones/1/rotation = Quaternion(0.103731, 0.0162268, 0.0032395, 0.994468)
bones/2/rotation = Quaternion(0.056331, 0.0248271, -0.00903855, 0.998062)
bones/3/rotation = Quaternion(-0.0303906, 0.0259277, -0.00606423, 0.999183)
bones/4/rotation = Quaternion(-0.0437239, -0.0490166, 0.027675, 0.997457)
bones/5/rotation = Quaternion(-0.053359, -0.0334454, -0.0173406, 0.997864)
bones/9/rotation = Quaternion(0.514695, 0.484178, 0.590391, -0.39)
bones/10/rotation = Quaternion(0.0192954, 0.874583, -0.484491, 0.000701651)
bones/11/rotation = Quaternion(0.107857, -0.403251, 0.067317, 0.906214)
bones/12/rotation = Quaternion(-0.00643814, 0.61342, 0.105834, 0.782607)
bones/13/rotation = Quaternion(-0.323256, 0.740925, 0.19489, 0.555475)
bones/14/rotation = Quaternion(0.203786, 0.0256447, 0.145831, 0.967754)
bones/15/rotation = Quaternion(0.0821137, 0.0903135, -0.00496522, 0.99251)
bones/16/position = Vector3(-0.0303596, 0.0609159, 0.00543833)
bones/17/rotation = Quaternion(0.193812, -0.0268437, -0.014883, 0.980558)
bones/18/rotation = Quaternion(0.380362, 0.107003, 0.013977, 0.91852)
bones/19/rotation = Quaternion(0.25971, 0.0708136, 0.0103567, 0.963031)
bones/21/rotation = Quaternion(0.553303, -0.400438, -0.583719, -0.439064)
bones/22/rotation = Quaternion(-0.199504, 0.875751, -0.401227, -0.179652)
bones/23/rotation = Quaternion(0.174959, 0.53037, -0.145696, 0.816621)
bones/24/rotation = Quaternion(0.0263377, -0.600674, -0.0283954, 0.798556)
bones/25/rotation = Quaternion(-0.308309, -0.689473, -0.189047, 0.627561)
bones/26/rotation = Quaternion(0.212248, -0.004746, -0.0585693, 0.975448)
bones/27/rotation = Quaternion(0.0998894, -0.072163, 0.000357211, 0.992378)
bones/28/position = Vector3(0.0303663, 0.0609194, 0.0054341)
bones/29/rotation = Quaternion(0.0723686, 0.0915035, 0.0318984, 0.992659)
bones/30/rotation = Quaternion(0.151537, -0.0700708, -0.00590238, 0.985947)
bones/31/rotation = Quaternion(0.0782968, -0.0413276, -0.00217882, 0.996071)
bones/33/rotation = Quaternion(0.017766, 0.334409, 0.940254, -0.0614591)
bones/34/rotation = Quaternion(0.0417433, 0.846374, -0.527706, -0.0586187)
bones/35/rotation = Quaternion(-0.0361053, 0.754309, -0.654516, 0.0363873)
bones/36/rotation = Quaternion(-0.00393846, 0.951109, 0.308738, -0.00749)
bones/38/rotation = Quaternion(-0.0340444, 0.154402, 0.985722, 0.0579091)
bones/39/rotation = Quaternion(-0.0647656, 0.934242, -0.34633, 0.0552583)
bones/40/rotation = Quaternion(-0.0375438, 0.479083, -0.876843, -0.0146947)
bones/41/rotation = Quaternion(0.0721747, 0.989538, -0.124907, 0.00179778)

[node name="BoneAttachment3D" type="BoneAttachment3D" parent="Armature/GeneralSkeleton" index="1"]
transform = Transform3D(0.400447, -0.0528839, 0.914792, 0.553961, -0.781268, -0.287659, 0.729911, 0.621951, -0.283561, -0.407076, 0.924315, 0.335213)
bone_name = "RightHand"
bone_idx = 24

[node name="Attached" type="Node3D" parent="Armature/GeneralSkeleton/BoneAttachment3D" index="0"]
transform = Transform3D(0.502476, 0.856508, -0.117946, -0.360994, 0.0838798, -0.928789, -0.785622, 0.509271, 0.351342, -0.0807508, 0.278091, 0.461411)

[node name="planks" parent="Armature/GeneralSkeleton/BoneAttachment3D/Attached" index="0" instance=ExtResource("2_4qa67")]
unique_name_in_owner = true
visible = false

[node name="apple_basket" parent="Armature/GeneralSkeleton/BoneAttachment3D/Attached" index="1" instance=ExtResource("3_oals7")]
unique_name_in_owner = true
transform = Transform3D(1, 2.23517e-08, 2.98023e-08, 3.72529e-09, 1, 0, -2.98023e-08, -4.47035e-08, 1, -0.0172096, -0.106318, -0.0915321)
visible = false

[node name="axe" parent="Armature/GeneralSkeleton/BoneAttachment3D/Attached" index="2" instance=ExtResource("4_1jvpf")]
unique_name_in_owner = true
transform = Transform3D(-0.84151, 0, 0.540241, -1.49012e-07, 1, 1.49012e-08, -0.54024, 2.98023e-08, -0.841511, 0.44995, -0.00660756, -0.0499539)
visible = false

[node name="hammer" parent="Armature/GeneralSkeleton/BoneAttachment3D/Attached" index="3" instance=ExtResource("5_jlopn")]
unique_name_in_owner = true
transform = Transform3D(0.88292, 0.429539, -0.189601, -0.38517, 0.893547, 0.230688, 0.268507, -0.130651, 0.954377, 0.452695, -0.0583081, -0.0718713)
visible = false

[node name="AnimationPlayer" type="AnimationPlayer" parent="." index="1"]
libraries = {
"anim_lib_1": ExtResource("6_n0fuj")
}
