[gd_scene load_steps=7 format=3 uid="uid://constsltxbxjh"]

[ext_resource type="PackedScene" uid="uid://c8nrpark15tsw" path="res://villagers/models/male.glb" id="1_n7aih"]
[ext_resource type="PackedScene" uid="uid://bxxh0oo3yo878" path="res://village/planks.glb" id="2_4qa67"]
[ext_resource type="PackedScene" uid="uid://5s8f8ugnyx3a" path="res://village/apple_basket.tscn" id="3_oals7"]
[ext_resource type="PackedScene" uid="uid://wy068v4j7cut" path="res://villagers/models/axe.glb" id="4_1jvpf"]
[ext_resource type="PackedScene" uid="uid://bqk4kl2bl14we" path="res://villagers/models/hammer.glb" id="5_jlopn"]
[ext_resource type="AnimationLibrary" uid="uid://6slg8n2repre" path="res://animations/anim_lib_1.glb" id="6_n0fuj"]

[node name="male" instance=ExtResource("1_n7aih")]
transform = Transform3D(-1, 0, -1.50996e-07, 0, 1, 0, 1.50996e-07, 0, -1, 0, 0, 0)

[node name="GeneralSkeleton" parent="Armature" index="0"]
bones/0/position = Vector3(-0.0122361, 0.749923, -0.000789482)
bones/0/rotation = Quaternion(0.0506341, -0.423357, 0.047464, 0.903301)
bones/1/rotation = Quaternion(0.0951614, 0.0263683, -0.0160126, 0.994984)
bones/2/rotation = Quaternion(0.0513009, 0.0498138, -0.0355993, 0.996805)
bones/3/rotation = Quaternion(-0.0518493, 0.0537658, -0.0292907, 0.996776)
bones/4/rotation = Quaternion(0.0199804, 0.0816497, -0.000657418, 0.996461)
bones/5/rotation = Quaternion(-0.0415963, 0.199436, -0.0373556, 0.978315)
bones/9/rotation = Quaternion(0.441622, 0.555714, 0.574827, -0.407096)
bones/10/rotation = Quaternion(0.0183264, 0.917368, -0.386621, 0.0928693)
bones/11/rotation = Quaternion(0.234335, -0.787403, 0.109722, 0.559504)
bones/12/rotation = Quaternion(-0.0255881, 0.719773, 0.0584083, 0.691275)
bones/13/rotation = Quaternion(-0.310655, 0.760915, 0.24185, 0.515762)
bones/14/rotation = Quaternion(0.0969809, -0.0566984, 0.0505184, 0.992385)
bones/15/rotation = Quaternion(0.0741822, 0.0380732, 0.031312, 0.996026)
bones/16/position = Vector3(-0.0303596, 0.0609159, 0.00543833)
bones/17/rotation = Quaternion(0.00108767, -0.0106597, 0.0503645, 0.998673)
bones/18/rotation = Quaternion(0.0401506, 0.00123715, 0.00171387, 0.999191)
bones/19/rotation = Quaternion(0.0659946, 0.000743568, 0.00393218, 0.997812)
bones/21/rotation = Quaternion(0.397479, -0.605214, -0.585021, -0.365345)
bones/22/rotation = Quaternion(0.28804, 0.843163, -0.443883, -0.0952738)
bones/23/rotation = Quaternion(0.344708, 0.713043, -0.218864, 0.569951)
bones/24/rotation = Quaternion(0.259381, -0.684558, -0.172373, 0.659082)
bones/25/rotation = Quaternion(-0.371767, -0.833397, -0.343152, 0.222452)
bones/26/rotation = Quaternion(0.122864, 0.0464146, -0.0453612, 0.990299)
bones/27/rotation = Quaternion(0.261495, -0.115348, -0.116953, 0.951124)
bones/28/position = Vector3(0.0303663, 0.0609194, 0.0054341)
bones/29/rotation = Quaternion(0.318002, -0.0677272, -0.0473433, 0.944482)
bones/30/rotation = Quaternion(0.565583, -0.0264308, -0.0228153, 0.823952)
bones/31/rotation = Quaternion(0.516403, -0.0173697, -0.0207988, 0.855917)
bones/33/rotation = Quaternion(0.351987, 0.41276, 0.806294, -0.235848)
bones/34/rotation = Quaternion(0.0231614, 0.905934, -0.380196, -0.184929)
bones/35/rotation = Quaternion(-0.073771, 0.721033, -0.684786, 0.0757488)
bones/36/rotation = Quaternion(0.0532418, 0.998511, 0.00825435, -0.00849173)
bones/38/rotation = Quaternion(-0.038624, 0.245179, 0.93525, 0.252393)
bones/39/rotation = Quaternion(0.0351777, 0.892718, -0.44523, 0.059902)
bones/40/rotation = Quaternion(0.205305, 0.481485, -0.838367, -0.152193)
bones/41/rotation = Quaternion(-0.0258253, 0.99957, -0.00559294, -0.0127453)

[node name="BoneAttachment3D" type="BoneAttachment3D" parent="Armature/GeneralSkeleton" index="1"]
transform = Transform3D(-0.00569296, -0.648614, 0.761096, 0.810674, -0.448607, -0.376244, 0.58547, 0.614859, 0.528369, -0.625834, 0.938253, -0.140159)
bone_name = "RightHand"
bone_idx = 24

[node name="Attached" type="Node3D" parent="Armature/GeneralSkeleton/BoneAttachment3D" index="0"]
transform = Transform3D(0.502476, 0.856508, -0.117946, -0.360994, 0.0838798, -0.928789, -0.785622, 0.509271, 0.351342, -0.0807508, 0.278091, 0.461411)

[node name="planks" parent="Armature/GeneralSkeleton/BoneAttachment3D/Attached" index="0" instance=ExtResource("2_4qa67")]
unique_name_in_owner = true
visible = false

[node name="apple_basket" parent="Armature/GeneralSkeleton/BoneAttachment3D/Attached" index="1" instance=ExtResource("3_oals7")]
unique_name_in_owner = true
transform = Transform3D(1, 2.23517e-08, 2.98023e-08, 3.72529e-09, 1, 0, -2.98023e-08, -4.47035e-08, 1, -0.0172096, -0.106318, -0.0915321)
visible = false

[node name="axe" parent="Armature/GeneralSkeleton/BoneAttachment3D/Attached" index="2" instance=ExtResource("4_1jvpf")]
unique_name_in_owner = true
transform = Transform3D(-0.84151, 0, 0.540241, -1.49012e-07, 1, 1.49012e-08, -0.54024, 2.98023e-08, -0.841511, 0.44995, -0.00660756, -0.0499539)

[node name="hammer" parent="Armature/GeneralSkeleton/BoneAttachment3D/Attached" index="3" instance=ExtResource("5_jlopn")]
unique_name_in_owner = true
transform = Transform3D(0.88292, 0.429539, -0.189601, -0.38517, 0.893547, 0.230688, 0.268507, -0.130651, 0.954377, 0.452695, -0.0583081, -0.0718713)
visible = false

[node name="AnimationPlayer" type="AnimationPlayer" parent="." index="1"]
libraries = {
"anim_lib_1": ExtResource("6_n0fuj")
}
